0 62 Benue_UTM32N GUID
0 60         22134.3889
0 35         22134.3889
0 28         13445.5682
0 3         39009.9383
0 4         32112.7083
0 11         32112.7083
0 13          20044.844
0 14         38922.5597
0 31         16834.5794
0 38         30370.0216
0 50         25521.5116
0 51         25521.5116
0 52         25521.5116
0 53         25521.5116
0 54         25521.5116
0 55         25521.5116
0 56         25521.5116
1 22         35108.9346
1 10         21802.3412
1 9         32563.2563
1 61         25859.8933
1 58         35389.5465
1 8          27099.178
1 7         36896.6227
1 2         22424.0889
1 57         29355.6665
2 57         22304.7142
2 58         38197.3647
2 8          37276.167
2 1         22424.0889
3 0         39009.9383
3 38         17118.3335
3 31         22177.8338
3 4         26835.1322
3 11         26835.1322
3 16         27399.7476
3 20         31018.9189
3 41         31018.9189
4 56         29350.4883
4 55         29350.4883
4 54         29350.4883
4 53         29350.4883
4 52         29350.4883
4 51         29350.4883
4 50         29350.4883
4 13         36819.1835
4 0         32112.7083
4 38         34868.1762
4 31         23092.3092
4 3         26835.1322
4 11       0.0398706851
4 12         25699.4255
4 16         12213.3605
4 20          39635.968
4 26         33852.1938
4 40         25699.4255
4 41          39635.968
5 37         15979.4315
5 36         16014.0679
5 23         26824.1806
6 24         35356.3899
6 29          36130.006
7 1         36896.6227
7 59         39870.2864
7 8          28586.514
7 9         21522.6052
7 10         24807.9745
7 22         32492.8987
7 61         11653.4797
8 1          27099.178
8 2          37276.167
8 10           35038.63
8 61         25374.2306
8 7          28586.514
8 57          23230.512
8 58         12733.7983
9 1         32563.2563
9 7         21522.6052
9 10         11029.8994
9 22         10977.1753
9 23         31433.8198
9 61          15765.191
10 1         21802.3412
10 8           35038.63
10 23           36311.25
10 22         14699.5344
10 9         11029.8994
10 61         14340.9055
10 7         24807.9745
11 56         29350.4883
11 55         29350.4883
11 54         29350.4883
11 53         29350.4883
11 52         29350.4883
11 51         29350.4883
11 50         29350.4883
11 4       0.0398706851
11 13         36819.1835
11 0         32112.7083
11 38         34868.1762
11 31         23092.3092
11 3         26835.1322
11 12         25699.4255
11 16         12213.3605
11 20          39635.968
11 26         33852.1938
11 40         25699.4255
11 41          39635.968
12 26           19952.33
12 16         17073.9182
12 11         25699.4255
12 4         25699.4255
12 17         36935.4292
12 20         35980.1076
12 40       0.0398706851
12 41         35980.1076
13 4         36819.1835
13 11         36819.1835
13 60         36110.9564
13 35         36110.9564
13 28         12275.6225
13 0          20044.844
13 14          19919.549
13 15         27980.7504
13 31         33489.0061
13 50          11765.605
13 51          11765.605
13 52          11765.605
13 53          11765.605
13 54          11765.605
13 55          11765.605
13 56          11765.605
14 34         32705.2429
14 28          31944.738
14 13          19919.549
14 0         38922.5597
14 15          8774.1024
14 50         15325.4512
14 51         15325.4512
14 52         15325.4512
14 53         15325.4512
14 54         15325.4512
14 55         15325.4512
14 56         15325.4512
15 34         32813.5072
15 14          8774.1024
15 56         20736.9542
15 55         20736.9542
15 54         20736.9542
15 53         20736.9542
15 52         20736.9542
15 51         20736.9542
15 50         20736.9542
15 13         27980.7504
15 26         37602.6662
16 12         17073.9182
16 11         12213.3605
16 4         12213.3605
16 31         32518.1809
16 3         27399.7476
16 20         29449.3039
16 26         31889.3241
16 40         17073.9182
16 41         29449.3039
17 40         36935.4292
17 12         36935.4292
17 41         23877.4664
17 20         23877.4664
17 19         22696.0347
17 32         22696.0347
18 32         34488.1926
18 19         34488.1926
18 21         31538.8656
19 18         34488.1926
19 17         22696.0347
19 21         19121.9072
19 32       0.0398706851
20 17         23877.4664
20 16         29449.3039
20 11          39635.968
20 4          39635.968
20 40         35980.1076
20 12         35980.1076
20 3         31018.9189
20 41       0.0398706851
21 32         19121.9072
21 19         19121.9072
21 18         31538.8656
22 1         35108.9346
22 10         14699.5344
22 23         21833.3938
22 9         10977.1753
22 61         25584.3025
22 7         32492.8987
22 35         37205.0477
22 60         37205.0477
23 10           36311.25
23 22         21833.3938
23 37         33565.2221
23 36         33566.3784
23 5         26824.1806
23 9         31433.8198
23 29         36978.0527
23 35         34753.2218
23 60         34753.2218
24 6         35356.3899
25 26         30264.6855
25 33         18839.0189
26 12           19952.33
26 25         30264.6855
26 15         37602.6662
26 16         31889.3241
26 11         33852.1938
26 4         33852.1938
26 40           19952.33
27 30         33814.1614
27 34         31175.1422
28 0         13445.5682
28 13         12275.6225
28 14          31944.738
28 29         37167.3265
28 60         24019.0255
28 35         24019.0255
28 31         30088.8249
28 50         22902.0569
28 51         22902.0569
28 52         22902.0569
28 53         22902.0569
28 54         22902.0569
28 55         22902.0569
28 56         22902.0569
29 28         37167.3265
29 6          36130.006
29 23         36978.0527
30 27         33814.1614
30 34         33321.2861
31 3         22177.8338
31 4         23092.3092
31 11         23092.3092
31 16         32518.1809
31 60         32449.3292
31 35         32449.3292
31 28         30088.8249
31 13         33489.0061
31 0         16834.5794
31 38          16492.035
31 50         33729.5927
31 51         33729.5927
31 52         33729.5927
31 53         33729.5927
31 54         33729.5927
31 55         33729.5927
31 56         33729.5927
32 18         34488.1926
32 21         19121.9072
32 19       0.0398706851
32 17         22696.0347
33 25         18839.0189
33 39          32385.091
34 14         32705.2429
34 15         32813.5072
34 27         31175.1422
34 30         33321.2861
35 0         22134.3889
35 13         36110.9564
35 28         24019.0255
35 31         32449.3292
35 23         34753.2218
35 22         37205.0477
35 38         36946.0483
35 60       0.0398706851
36 5         16014.0679
36 23         33566.3784
36 37         43.1384799
37 5         15979.4315
37 23         33565.2221
37 36         43.1384799
38 3         17118.3335
38 4         34868.1762
38 11         34868.1762
38 31          16492.035
38 60         36946.0483
38 35         36946.0483
38 0         30370.0216
39 33          32385.091
40 17         36935.4292
40 20         35980.1076
40 26           19952.33
40 12       0.0398706851
40 16         17073.9182
40 11         25699.4255
40 4         25699.4255
40 41         35980.1076
41 17         23877.4664
41 16         29449.3039
41 11          39635.968
41 4          39635.968
41 40         35980.1076
41 12         35980.1076
41 20       0.0398706851
41 3         31018.9189
42 43       0.0398706851
42 44       0.0398706851
42 45       0.0398706851
42 46         31012.7788
42 47         31012.7788
42 48         31012.7788
42 49         31012.7788
43 42       0.0398706851
43 44       0.0398706851
43 45       0.0398706851
43 46         31012.7788
43 47         31012.7788
43 48         31012.7788
43 49         31012.7788
44 43       0.0398706851
44 42       0.0398706851
44 45       0.0398706851
44 46         31012.7788
44 47         31012.7788
44 48         31012.7788
44 49         31012.7788
45 44       0.0398706851
45 43       0.0398706851
45 42       0.0398706851
45 46         31012.7788
45 47         31012.7788
45 48         31012.7788
45 49         31012.7788
46 45         31012.7788
46 44         31012.7788
46 43         31012.7788
46 42         31012.7788
46 47       0.0398706851
46 48       0.0398706851
46 49       0.0398706851
47 46       0.0398706851
47 45         31012.7788
47 44         31012.7788
47 43         31012.7788
47 42         31012.7788
47 48       0.0398706851
47 49       0.0398706851
48 47       0.0398706851
48 46       0.0398706851
48 45         31012.7788
48 44         31012.7788
48 43         31012.7788
48 42         31012.7788
48 49       0.0398706851
49 48       0.0398706851
49 47       0.0398706851
49 46       0.0398706851
49 45         31012.7788
49 44         31012.7788
49 43         31012.7788
49 42         31012.7788
50 4         29350.4883
50 11         29350.4883
50 15         20736.9542
50 14         15325.4512
50 28         22902.0569
50 13          11765.605
50 0         25521.5116
50 31         33729.5927
50 51       0.0398706851
50 52       0.0398706851
50 53       0.0398706851
50 54       0.0398706851
50 55       0.0398706851
50 56       0.0398706851
51 4         29350.4883
51 11         29350.4883
51 15         20736.9542
51 14         15325.4512
51 50       0.0398706851
51 28         22902.0569
51 13          11765.605
51 0         25521.5116
51 31         33729.5927
51 52       0.0398706851
51 53       0.0398706851
51 54       0.0398706851
51 55       0.0398706851
51 56       0.0398706851
52 4         29350.4883
52 11         29350.4883
52 15         20736.9542
52 14         15325.4512
52 51       0.0398706851
52 50       0.0398706851
52 28         22902.0569
52 13          11765.605
52 0         25521.5116
52 31         33729.5927
52 53       0.0398706851
52 54       0.0398706851
52 55       0.0398706851
52 56       0.0398706851
53 4         29350.4883
53 11         29350.4883
53 15         20736.9542
53 14         15325.4512
53 52       0.0398706851
53 51       0.0398706851
53 50       0.0398706851
53 28         22902.0569
53 13          11765.605
53 0         25521.5116
53 31         33729.5927
53 54       0.0398706851
53 55       0.0398706851
53 56       0.0398706851
54 4         29350.4883
54 11         29350.4883
54 15         20736.9542
54 14         15325.4512
54 53       0.0398706851
54 52       0.0398706851
54 51       0.0398706851
54 50       0.0398706851
54 28         22902.0569
54 13          11765.605
54 0         25521.5116
54 31         33729.5927
54 55       0.0398706851
54 56       0.0398706851
55 4         29350.4883
55 11         29350.4883
55 15         20736.9542
55 14         15325.4512
55 54       0.0398706851
55 53       0.0398706851
55 52       0.0398706851
55 51       0.0398706851
55 50       0.0398706851
55 28         22902.0569
55 13          11765.605
55 0         25521.5116
55 31         33729.5927
55 56       0.0398706851
56 4         29350.4883
56 11         29350.4883
56 15         20736.9542
56 14         15325.4512
56 55       0.0398706851
56 54       0.0398706851
56 53       0.0398706851
56 52       0.0398706851
56 51       0.0398706851
56 50       0.0398706851
56 28         22902.0569
56 13          11765.605
56 0         25521.5116
56 31         33729.5927
57 2         22304.7142
57 58         17965.5805
57 8          23230.512
57 1         29355.6665
58 1         35389.5465
58 2         38197.3647
58 57         17965.5805
58 61         38108.0287
58 8         12733.7983
59 7         39870.2864
60 0         22134.3889
60 13         36110.9564
60 28         24019.0255
60 31         32449.3292
60 38         36946.0483
60 35       0.0398706851
60 23         34753.2218
60 22         37205.0477
61 1         25859.8933
61 8         25374.2306
61 10         14340.9055
61 22         25584.3025
61 58         38108.0287
61 9          15765.191
61 7         11653.4797
